
    1.0000   248.1551   220.0470  -304.2005     0.2037    45.3535   220.3198   429.8787
    2.0000   248.1544   220.0444  -310.2028     0.2037    39.7132   231.4069   429.3199
    3.0000   248.1538   220.0432  -284.5890     0.2037 240468064785.8373   187.0535 240468065150.1890
    4.0000   248.1515   220.0427  -308.6626     0.2037   397.7069   229.1794   786.6217
    5.0000   248.1534   220.0338  -321.8453     0.2035  3948.3702   234.9572  4329.8728
    6.0000   248.1517   220.0340  -289.8665     0.2035   117.5576   198.9791   495.0593
    7.0000   248.1523   220.0300  -279.2114     0.2035    53.6694   193.4941   436.3379
    8.0000   248.1526   220.0274  -298.2057     0.2033    45.6140   213.5266   429.3183
    9.0000   248.1521   220.0237  -326.8594     0.2033    94.2695   222.3776   458.1668
   10.0000   248.1529   220.0210  -282.6526     0.2033    86.9720   208.6427   481.3394
   11.0000   248.1530   220.0179  -277.2860     0.2033    55.9061   193.5111   440.5054
   12.0000   248.1516   220.0115  -307.7802     0.2033    75.3541   221.5739   457.5141
   13.0000   248.1519   220.0071  -275.4494     0.2033    95.6063   196.2317   484.7509
   14.0000   248.1536   220.0028  -272.9055     0.2033   114.0100   199.2315   508.6956
   15.0000   248.1534   219.9995  -332.2843     0.2032    44.8947   234.0062   414.9727
   16.0000   248.1535   219.9950  -328.6168     0.2033    79.0058   242.1123   460.8531
   17.0000   248.1516   219.9915  -305.1166     0.2033    67.8708   213.7087   444.8094
   18.0000   248.1523   219.9910  -325.1632     0.2033 19718.5960   233.0657 20094.8441
   19.0000   248.1519   219.9858  -305.0855     0.2034    87.8458   218.7743   469.8756
   20.0000   248.1515   219.9818  -278.6141     0.2034    80.0470   188.8575   458.6271
   21.0000   248.1527   219.9762  -311.8120     0.2034    66.6279   224.5616   447.7098
   22.0000   248.1504   219.9701  -274.0610     0.2034   267.6833   192.8856   654.8319
   23.0000   248.1515   219.9674  -287.2724     0.2035    82.5349   206.3412   469.9260
   24.0000   248.1487   219.9665  -331.8555     0.2035    55.3608   237.4564   429.2804
   25.0000   248.1496   219.9627  -323.8118     0.2034    61.8233   243.8778   450.2050
   26.0000   248.1484   219.9592  -328.3727     0.2033 116463.9733   238.2241 116842.1213
   27.0000   248.1482   219.9565  -314.4797     0.2031    66.5765   236.5081   456.9128
   28.0000   248.1509   219.9536  -302.8718     0.2030    40.9452   220.9981   427.3790
   29.0000   248.1504   219.9524  -327.4978     0.2030    64.9682   234.5240   440.3000
   30.0000   248.1501   219.9489  -284.4449     0.2028    45.8939   205.3791   435.1300
   31.0000   248.1494   219.9499  -324.3421     0.2028    66.8032   236.7327   447.4958
   32.0000   248.1506   219.9447  -282.5966     0.2027    94.8881   192.0049   472.5945
   33.0000   248.1524   219.9379  -284.9549     0.2026  1023.9281   195.0961  1402.3621
   34.0000   248.1530   219.9305  -319.9306     0.2026   491.7508   237.9601   878.0665
   35.0000   248.1530   219.9253  -317.5039     0.2027    94.6431   228.7676   474.1877
   36.0000   248.1532   219.9229  -289.5997     0.2027   126.4521   191.8921   497.0232
   37.0000   248.1505   219.9197  -324.1288     0.2028   154.5787   231.0255   529.7482
   38.0000   248.1502   219.9152  -329.4812     0.2028    74.6910   238.3548   451.8328
   39.0000   248.1511   219.9107  -277.4382     0.2028  1185.0864   199.8586  1575.7713
   40.0000   248.1510   219.9084  -278.8530     0.2027    69.9413   187.5343   446.8847
   41.0000   248.1536   219.9060  -304.9478     0.2026    64.5772   214.1425   442.0341
   42.0000   248.1559   219.9006  -315.0573     0.2025 29876417994101.4219   213.4625 29876417994465.6992
   43.0000   248.1549   219.8999  -316.2559     0.2025    89.6460   228.5211   470.1684
   44.0000   248.1566   219.8971  -312.3997     0.2025   138.6767   228.1698   522.7030
   45.0000   248.1566   219.8940  -296.4797     0.2025  5254.6297   200.5489  5626.9525
   46.0000   248.1562   219.8916  -314.7054     0.2024    41.6720   223.1487   418.3654
   47.0000   248.1568   219.8869  -310.6761     0.2025    92.8411   226.3237   476.7350
   48.0000   248.1566   219.8806  -317.4948     0.2024   125.8153   230.5574   507.1175
   49.0000   248.1573   219.8780  -280.3284     0.2025   202.5519   193.7224   584.1836
   50.0000   248.1592   219.8737  -323.4549     0.2024    41.6716   232.6830   419.1351
   51.0000   248.1606   219.8670  -277.6164     0.2024   537.9235   193.3692   921.9062
   52.0000   248.1636   219.8650  -319.7422     0.2025 123355.5883   231.1424 123735.2165
   53.0000   248.1661   219.8630  -281.3698     0.2025    95.5424   200.3298   482.7339
   54.0000   248.1673   219.8582  -280.0624     0.2026 63096.2995   190.9346 63475.3947
   55.0000   248.1696   219.8516  -313.8425     0.2026   145.5684   230.0699   530.0196
   56.0000   248.1707   219.8445  -305.8363     0.2026    51.3774   216.8270   430.5859
   57.0000   248.1716   219.8410  -285.3704     0.2025 25590096.0044   194.0614 25590471.9559
   58.0000   248.1741   219.8389  -313.1294     0.2025   102.3459   226.0011   483.4331
   59.0000   248.1761   219.8338  -283.3776     0.2024  2443.1853   202.0100  2830.0298
   60.0000   248.1754   219.8330  -270.8993     0.2024  3984.7438   194.6990  4376.7543
   61.0000   248.1767   219.8306  -278.6372     0.2023    52.9655   188.2508   430.7887
   62.0000   248.1773   219.8274  -319.5823     0.2023   221.5087   226.5028   596.6361
   63.0000   248.1783   219.8221  -281.1395     0.2023   374.7347   191.2711   753.0689
   64.0000   248.1781   219.8197  -290.1243     0.2022    48.7766   207.3987   434.2509
   65.0000   248.1796   219.8177  -320.1739     0.2020 462980.2980   231.5227 463359.8559
   66.0000   248.1797   219.8158  -290.5658     0.2020   162.7392   198.7380   539.1088
   67.0000   248.1821   219.8124  -287.6671     0.2020    48.2568   197.6731   426.4592
   68.0000   248.1844   219.8068  -309.9853     0.2019   387.4605   223.6613   769.3296
   69.0000   248.1856   219.8051  -289.7196     0.2019 1175116296.2622   193.9999 1175116661.8043
   70.0000   248.1882   219.8048  -324.2264     0.2021 971295.2435   235.6453 971674.8389
   71.0000   248.1906   219.8020  -324.0927     0.2021  1938.2564   237.4479  2319.8063
   72.0000   248.1925   219.7942  -285.4288     0.2021   173.8519   205.9548   562.5667
   73.0000   248.1939   219.7898  -279.3735     0.2020   409.1429   190.3838   788.3389
   74.0000   248.1942   219.7895  -284.7781     0.2021    53.4098   197.9856   434.8032
   75.0000   248.1924   219.7887  -266.0802     0.2019  2794.3062   189.6197  3186.0286
   76.0000   248.1930   219.7851  -292.3801     0.2019   155.4089   211.4401   542.6489
   77.0000   248.1940   219.7798  -315.8821     0.2021   545.9726   220.5764   918.8428
   78.0000   248.1948   219.7729  -309.7758     0.2021    49.4968   222.5635   430.4542
   79.0000   248.1961   219.7679  -291.1221     0.2020    67.5446   198.9886   443.5773
   80.0000   248.1965   219.7659  -305.6420     0.2022   351.6244   212.2583   726.4053
   81.0000   248.1972   219.7639  -280.7190     0.2020   136.3028   188.7598   512.5067
   82.0000   248.2006   219.7544  -323.5612     0.2021 5118252.8897   222.4108 5118620.0604
   83.0000   248.2023   219.7533  -292.6287     0.2022   983.8118   204.1264  1363.4673
   84.0000   248.2035   219.7499  -327.7934     0.2022  1537.4807   234.7646  1912.6075
   85.0000   248.2058   219.7501  -323.4295     0.2021    66.1291   240.1468   451.0043
   86.0000   248.2082   219.7452  -285.5060     0.2021   944.7714   199.4013  1326.8222
   87.0000   248.2097   219.7418  -278.7858     0.2021 110688.0211   193.1230 111070.5146
   88.0000   248.2108   219.7435  -324.1252     0.2022   138.2556   232.8841   515.1711
   89.0000   248.2129   219.7487  -293.4408     0.2023    64.1372   201.9683   440.8286
   90.0000   248.2176   219.7467  -288.9455     0.2023   104.9460   203.8546   488.0218
   91.0000   248.2192   219.7448  -291.9398     0.2022    59.0535   197.7109   432.9909
   92.0000   248.2223   219.7399  -289.1269     0.2023    66.6943   200.1682   445.9001
   93.0000   248.2206   219.7361  -313.2603     0.2023    41.0078   217.4086   413.3150
   94.0000   248.2216   219.7320  -320.9569     0.2022   111.9495   222.8155   481.9639
   95.0000   248.2271   219.7308  -284.0188     0.2022 557613.2593   198.6446 557996.0380
   96.0000   248.2283   219.7276  -282.5626     0.2022  1241.1367   199.2026  1625.9348
   97.0000   248.2285   219.7229  -293.0209     0.2023   151.2189   199.9182   526.2698
   98.0000   248.2299   219.7169  -315.7990     0.2022  7731.1867   236.6023  8120.1387
   99.0000   248.2315   219.7068  -281.4019     0.2022    86.3128   198.2464   471.2977
  100.0000   248.2334   219.7015  -313.3429     0.2023    56.0137   225.1417   435.9496

