__ResnNumber RMSFOriginal ___RMSFMDrun
       2.000        1.381        1.151
       3.000        1.312        0.689
       4.000        1.215        0.503
       5.000        1.182        0.621
       6.000        1.093        0.348
       7.000        1.004        0.316
       8.000        1.027        0.366
       9.000        1.035        0.370
      10.000        1.000        0.352
      11.000        0.968        0.309
      12.000        0.988        0.400
      13.000        1.026        0.331
      14.000        0.983        0.263
      15.000        0.960        0.406
      16.000        0.984        0.445
      17.000        0.952        0.400
      18.000        0.000        0.348
      19.000        0.000        0.281
      20.000        0.000        0.290
      21.000        0.000        0.454
      22.000        0.983        0.448
      23.000        1.109        0.524
      24.000        1.126        0.622
      25.000        1.101        0.588
      26.000        1.164        0.585
      27.000        1.184        0.642
      28.000        1.120        0.603
      29.000        1.072        0.574
      30.000        0.970        0.424
      31.000        1.029        0.356
      32.000        0.985        0.347
      33.000        0.970        0.345
      34.000        0.959        0.338
      35.000        0.961        0.295
      36.000        0.994        0.261
      37.000        1.028        0.310
      38.000        1.023        0.272
      39.000        0.983        0.353
      40.000        1.014        0.231
      41.000        1.039        0.209
      42.000        0.970        0.267
      43.000        1.011        0.321
      44.000        0.996        0.515
      45.000        1.083        0.885
      46.000        1.099        0.683
      47.000        1.075        0.374
      48.000        1.065        0.219
      49.000        1.001        0.181
      50.000        1.010        0.243
      51.000        0.988        0.207
      52.000        1.025        0.171
      53.000        0.000        0.229
      54.000        0.000        0.251
      55.000        0.000        0.287
      56.000        0.000        0.237
      57.000        0.000        0.357
      58.000        0.000        0.295
      59.000        0.897        0.326
      60.000        0.930        0.222
      61.000        0.994        0.368
      62.000        1.021        0.308
      63.000        0.948        0.325
      64.000        1.022        0.400
      65.000        0.967        0.424
      66.000        1.016        0.419
      67.000        0.994        0.520
      68.000        0.972        0.473
      69.000        0.940        0.305
      70.000        0.972        0.321
      71.000        0.930        0.356
      72.000        0.912        0.440
      73.000        0.949        0.399
      74.000        0.960        0.342
      75.000        0.927        0.255
      76.000        0.927        0.292
      77.000        1.001        0.298
      78.000        0.960        0.285
      79.000        0.904        0.219
      80.000        0.937        0.243
      81.000        0.908        0.243
      82.000        0.912        0.293
      83.000        0.000        0.300
      84.000        0.000        0.267
      85.000        0.000        0.296
      86.000        0.000        0.325
      87.000        1.025        0.331
      88.000        0.967        0.198
      89.000        0.913        0.175
      90.000        0.877        0.301
      91.000        0.923        0.292
      92.000        0.955        0.269
      93.000        0.896        0.266
      94.000        0.933        0.351
      95.000        0.955        0.285
      96.000        0.884        0.159
      97.000        0.943        0.271
      98.000        0.940        0.214
      99.000        0.957        0.252
     100.000        0.957        0.251
     101.000        0.984        0.207
     102.000        1.037        0.220
     103.000        0.986        0.255
     104.000        0.967        0.220
     105.000        1.032        0.163
     106.000        1.051        0.350
     107.000        1.126        0.585
     108.000        1.051        0.292
     109.000        1.021        0.311
     110.000        1.012        0.248
     111.000        0.962        0.194
     112.000        0.864        0.238
     113.000        0.000        0.226
     114.000        0.000        0.237
     115.000        0.000        0.206
     116.000        0.000        0.181
     117.000        0.000        0.125
     118.000        0.000        0.186
     119.000        0.000        0.221
     120.000        0.000        0.238
     121.000        0.000        0.153
     122.000        0.000        0.148
     123.000        0.906        0.162
     124.000        0.866        0.159
     125.000        0.889        0.174
     126.000        0.903        0.227
     127.000        0.904        0.252
     128.000        0.963        0.261
     129.000        0.998        0.253
     130.000        1.034        0.330
     131.000        1.027        0.301
     132.000        1.047        0.276
     133.000        1.050        0.518
     134.000        1.069        0.550
     135.000        1.090        0.566
     136.000        1.155        0.729
     137.000        1.107        0.554
     138.000        1.073        0.512
     139.000        1.064        0.494
     140.000        1.057        0.319
     141.000        1.013        0.260
     142.000        0.950        0.298
     143.000        0.930        0.295
     144.000        0.964        0.249
     145.000        0.936        0.218
     146.000        0.947        0.164
     147.000        1.010        0.254
     148.000        0.951        0.226
     149.000        0.000        0.198
     150.000        0.000        0.207
     151.000        0.000        0.201
     152.000        0.000        0.294
     153.000        0.000        0.156
     154.000        0.000        0.188
     155.000        0.000        0.222
     156.000        0.000        0.187
     157.000        0.000        0.213
     158.000        0.904        0.210
     159.000        0.935        0.218
     160.000        0.000        0.174
     161.000        0.000        0.220
     162.000        0.975        0.387
     163.000        0.987        0.419
     164.000        1.029        0.609
     165.000        0.975        0.513
     166.000        0.990        0.509
     167.000        1.002        0.379
     168.000        0.990        0.216
     169.000        0.943        0.261
     170.000        0.997        0.264
     171.000        0.988        0.259
     172.000        1.047        0.282
     173.000        1.021        0.346
     174.000        1.123        0.485
     175.000        1.077        0.409
     176.000        0.975        0.278
     177.000        1.001        0.313
     178.000        0.995        0.261
     179.000        1.001        0.213
     180.000        0.963        0.322
     181.000        1.003        0.293
     182.000        0.965        0.311
     183.000        0.958        0.383
     184.000        0.964        0.442
     185.000        1.074        0.438
     186.000        1.026        0.523
     187.000        1.044        0.463
     188.000        1.039        0.645
     189.000        1.093        0.612
     190.000        1.190        0.815
     191.000        1.101        1.036
     192.000        1.061        0.623
     193.000        1.024        0.646
     194.000        1.018        0.468
     195.000        1.023        0.496
     196.000        1.026        0.418
     197.000        0.981        0.400
     198.000        0.989        0.303
     199.000        1.071        0.328
     200.000        1.029        0.344
     201.000        1.051        0.308
     202.000        1.030        0.342
     203.000        1.004        0.373
     204.000        0.999        0.318
     205.000        0.996        0.286
     206.000        1.068        0.319
     207.000        1.105        0.294
     208.000        1.044        0.322
     209.000        1.031        0.257
     210.000        1.104        0.399
     211.000        1.128        0.448
     212.000        1.085        0.371
     213.000        1.056        0.385
     214.000        1.029        0.224
     215.000        1.055        0.240
     216.000        1.063        0.214
     217.000        0.994        0.207
     218.000        0.971        0.201
     219.000        0.936        0.254
     220.000        0.000        0.247
     221.000        0.000        0.192
     222.000        0.000        0.150
     223.000        0.000        0.141
     224.000        0.979        0.166
     225.000        0.937        0.170
     226.000        0.000        0.226
     227.000        0.000        0.228
     228.000        0.000        0.418
     229.000        0.000        0.460
     230.000        1.031        0.324
     231.000        0.958        0.251
     232.000        0.997        0.294
     233.000        0.989        0.181
     234.000        0.981        0.402
     235.000        0.998        0.497
     236.000        1.054        0.535
     237.000        1.074        0.592
     238.000        0.993        0.362
     239.000        0.976        0.380
     240.000        1.082        0.573
     241.000        1.106        0.225
     242.000        1.075        0.354
     243.000        1.095        0.420
     244.000        1.116        0.402
     245.000        1.071        0.315
     246.000        1.069        0.221
     247.000        1.140        0.292
     248.000        1.162        0.271
     249.000        1.130        0.306
     250.000        1.182        0.457
     251.000        1.059        0.220
     252.000        0.977        0.203
     253.000        0.955        0.277
     254.000        0.946        0.265
     255.000        0.892        0.238
     256.000        0.000        0.136
     257.000        0.000        0.134
     258.000        0.000        0.199
     259.000        0.000        0.209
     260.000        0.000        0.227
     261.000        0.915        0.232
     262.000        0.922        0.242
     263.000        0.976        0.215
     264.000        0.945        0.146
     265.000        0.967        0.257
     266.000        0.969        0.282
     267.000        1.008        0.324
     268.000        0.964        0.340
     269.000        0.971        0.249
     270.000        0.958        0.239
     271.000        0.992        0.188
     272.000        0.985        0.268
     273.000        0.975        0.217
     274.000        1.025        0.403
     275.000        1.107        0.519
     276.000        1.079        0.512
     277.000        1.117        0.435
     278.000        0.986        0.276
     279.000        0.983        0.222
     280.000        0.984        0.276
     281.000        0.952        0.190
     282.000        0.000        0.245
     283.000        0.000        0.278
     284.000        0.000        0.222
     285.000        0.000        0.174
     286.000        0.893        0.224
     287.000        0.908        0.147
     288.000        0.937        0.194
     289.000        0.926        0.175
     290.000        0.946        0.207
     291.000        0.902        0.193
     292.000        0.865        0.193
     293.000        0.000        0.208
     294.000        0.000        0.248
     295.000        0.000        0.218
     296.000        0.000        0.270
     297.000        0.969        0.198
     298.000        0.933        0.267
     299.000        1.016        0.326
     300.000        1.033        0.343
     301.000        1.084        0.324
     302.000        1.102        0.361
     303.000        1.048        0.415
     304.000        1.028        0.361
     305.000        1.103        0.262
     306.000        1.105        0.502
     307.000        1.102        0.295
     308.000        1.081        0.320
     309.000        1.138        0.408
     310.000        1.105        0.267
     311.000        1.048        0.234
     312.000        1.159        0.304
     313.000        1.198        0.318
     314.000        1.186        0.315
     315.000        1.163        0.190
     316.000        1.113        0.266
     317.000        1.013        0.211
     318.000        0.986        0.177
     319.000        0.928        0.168
     320.000        0.000        0.314
     321.000        0.000        0.242
     322.000        0.000        0.211
     323.000        0.000        0.251
     324.000        0.000        0.212
     325.000        0.902        0.216
     326.000        0.889        0.235
     327.000        0.923        0.233
     328.000        0.896        0.257
     329.000        0.899        0.393
     330.000        0.888        0.294
     331.000        0.944        0.214
     332.000        0.909        0.209
     333.000        0.925        0.207
     334.000        0.913        0.207
     335.000        0.946        0.194
     336.000        0.944        0.288
     337.000        0.924        0.252
     338.000        0.994        0.287
     339.000        0.946        0.269
     340.000        0.957        0.224
     341.000        0.959        0.264
     342.000        1.011        0.489
     343.000        1.041        0.495
     344.000        1.060        0.557
     345.000        0.991        0.358
     346.000        0.987        0.314
     347.000        1.027        0.446
     348.000        1.023        0.386
     349.000        1.007        0.308
     350.000        1.047        0.289
     351.000        1.089        0.435
     352.000        1.070        0.501
     353.000        1.021        0.436
     354.000        1.083        0.506
     355.000        1.138        0.485
     356.000        1.069        0.594
     357.000        1.092        0.495
     358.000        1.156        0.406
     359.000        1.129        0.410
     360.000        1.093        0.391
     361.000        1.153        0.426
     362.000        1.231        0.441
     363.000        1.187        0.459
     364.000        1.240        0.409
     365.000        1.310        0.438
     366.000        1.300        0.490
     367.000        1.320        0.545
     368.000        1.235        0.460
     369.000        1.156        0.413
     370.000        1.144        0.408
     371.000        1.135        0.382
     372.000        1.106        0.345
     373.000        1.051        0.299
     374.000        1.016        0.226
     375.000        0.993        0.315
     376.000        1.019        0.258
     377.000        0.962        0.249
     378.000        0.941        0.523
     379.000        1.005        0.217
     380.000        1.015        0.346
     381.000        1.057        0.390
     382.000        1.098        0.371
     383.000        1.184        0.477
     384.000        1.207        0.513
     385.000        1.306        0.511
     386.000        1.330        0.676
     387.000        1.333        0.710
     388.000        1.382        0.836
     389.000        1.354        0.751
     390.000        1.287        0.557
     391.000        1.314        0.509
     392.000        1.323        0.487
     393.000        1.388        0.567
     394.000        1.467        0.678
     395.000        1.472        0.666
     396.000        1.515        0.645
     397.000        1.470        0.697
     398.000        1.393        0.686
     399.000        1.377        0.609
     400.000        1.316        0.519
     401.000        1.354        0.569
     402.000        1.371        0.581
     403.000        1.368        0.527
     404.000        1.341        0.525
     405.000        1.388        0.539
     406.000        1.354        0.543
     407.000        1.265        0.394
     408.000        1.219        0.416
     409.000        1.260        0.394
     410.000        1.269        0.361
     411.000        1.144        0.260
     412.000        1.080        0.238
     413.000        1.068        0.248
     414.000        0.000        0.303
     415.000        0.000        0.328
     416.000        0.000        0.308
     417.000        0.000        0.430
     418.000        1.142        0.477
     419.000        1.154        0.336
     420.000        1.133        0.358
     421.000        0.000        0.358
     422.000        0.000        0.361
     423.000        0.000        0.273
     424.000        0.000        0.302
     425.000        0.989        0.283
     426.000        0.972        0.225
     427.000        0.938        0.178
     428.000        0.984        0.303
     429.000        1.008        0.284
     430.000        1.094        0.394
     431.000        1.165        0.421
     432.000        1.164        0.347
     433.000        1.087        0.287
     434.000        1.083        0.337
     435.000        1.188        0.322
     436.000        1.178        0.275
     437.000        1.054        0.288
     438.000        1.153        0.315
     439.000        1.225        0.379
     440.000        1.201        0.386
     441.000        1.201        0.350
     442.000        1.251        0.490
     443.000        1.334        0.406
     444.000        1.317        0.499
     445.000        1.340        0.549
     446.000        1.467        0.628
     447.000        1.541        0.626
     448.000        1.521        0.607
     449.000        1.530        0.715
     450.000        1.631        0.860
     451.000        1.684        1.060
     452.000        1.742        0.840
     453.000        2.046        1.758
       4.000        1.244        0.639
       5.000        1.243        0.688
       6.000        1.128        0.529
       7.000        1.048        0.300
       8.000        1.062        0.346
       9.000        1.032        0.385
      10.000        1.046        0.220
      11.000        0.971        0.265
      12.000        0.992        0.259
      13.000        1.036        0.223
      14.000        0.977        0.297
      15.000        0.979        0.344
      16.000        1.003        0.196
      17.000        0.994        0.176
      18.000        0.000        0.190
      19.000        0.000        0.235
      20.000        0.000        0.338
      21.000        0.000        0.431
      22.000        1.007        0.406
      23.000        1.143        0.426
      24.000        1.110        0.482
      25.000        1.049        0.372
      26.000        1.141        0.521
      27.000        1.172        0.704
      28.000        1.123        0.321
      29.000        1.053        0.279
      30.000        1.013        0.231
      31.000        1.013        0.196
      32.000        0.976        0.248
      33.000        0.972        0.175
      34.000        0.948        0.166
      35.000        0.962        0.287
      36.000        0.976        0.255
      37.000        1.003        0.293
      38.000        0.936        0.260
      39.000        0.922        0.254
      40.000        0.909        0.227
      41.000        0.967        0.221
      42.000        0.973        0.217
      43.000        1.003        0.221
      44.000        0.942        0.278
      45.000        1.044        0.698
      46.000        1.033        0.555
      47.000        1.008        0.370
      48.000        1.012        0.290
      49.000        0.952        0.197
      50.000        0.950        0.174
      51.000        0.952        0.248
      52.000        0.000        0.275
      53.000        0.000        0.289
      54.000        0.000        0.184
      55.000        0.000        0.280
      56.000        0.000        0.295
      57.000        0.000        0.285
      58.000        0.000        0.285
      59.000        0.844        0.265
      60.000        0.884        0.216
      61.000        0.927        0.321
      62.000        0.966        0.333
      63.000        0.932        0.421
      64.000        0.980        0.472
      65.000        0.979        0.430
      66.000        0.991        0.387
      67.000        0.945        0.320
      68.000        0.914        0.306
      69.000        0.946        0.327
      70.000        0.956        0.236
      71.000        0.961        0.314
      72.000        0.887        0.358
      73.000        0.940        0.325
      74.000        0.977        0.265
      75.000        0.934        0.360
      76.000        0.945        0.343
      77.000        1.009        0.287
      78.000        0.991        0.467
      79.000        0.920        0.448
      80.000        0.949        0.429
      81.000        0.958        0.321
      82.000        0.000        0.216
      83.000        0.000        0.193
      84.000        0.000        0.250
      85.000        0.000        0.262
      86.000        0.000        0.276
      87.000        1.050        0.362
      88.000        0.989        0.272
      89.000        0.908        0.287
      90.000        0.892        0.246
      91.000        0.887        0.168
      92.000        0.915        0.232
      93.000        0.881        0.171
      94.000        0.912        0.217
      95.000        0.943        0.214
      96.000        0.915        0.163
      97.000        0.922        0.226
      98.000        0.946        0.241
      99.000        0.932        0.277
     100.000        0.923        0.266
     101.000        0.985        0.373
     102.000        0.971        0.389
     103.000        1.000        0.390
     104.000        0.962        0.378
     105.000        1.037        0.322
     106.000        0.991        0.350
     107.000        1.100        0.592
     108.000        1.031        0.332
     109.000        1.024        0.260
     110.000        0.963        0.174
     111.000        0.890        0.204
     112.000        0.871        0.212
     113.000        0.000        0.203
     114.000        0.000        0.188
     115.000        0.000        0.216
     116.000        0.000        0.218
     117.000        0.000        0.208
     118.000        0.000        0.175
     119.000        0.000        0.189
     120.000        0.000        0.206
     121.000        0.000        0.202
     122.000        0.000        0.276
     123.000        0.906        0.224
     124.000        0.844        0.160
     125.000        0.928        0.227
     126.000        0.924        0.185
     127.000        0.904        0.205
     128.000        0.935        0.195
     129.000        1.003        0.280
     130.000        1.020        0.274
     131.000        1.046        0.258
     132.000        1.009        0.289
     133.000        1.040        0.400
     134.000        1.065        0.383
     135.000        1.087        0.276
     136.000        1.151        0.432
     137.000        1.066        0.400
     138.000        1.012        0.460
     139.000        1.007        0.561
     140.000        1.018        0.374
     141.000        1.022        0.303
     142.000        1.007        0.179
     143.000        0.960        0.247
     144.000        0.961        0.229
     145.000        0.982        0.190
     146.000        0.988        0.239
     147.000        1.032        0.230
     148.000        0.991        0.210
     149.000        0.000        0.152
     150.000        0.000        0.186
     151.000        0.000        0.208
     152.000        0.000        0.255
     153.000        0.000        0.209
     154.000        0.000        0.221
     155.000        0.939        0.222
     156.000        0.893        0.251
     157.000        0.000        0.149
     158.000        0.911        0.169
     159.000        0.922        0.185
     160.000        0.000        0.223
     161.000        0.000        0.193
     162.000        0.976        0.119
     163.000        1.000        0.202
     164.000        1.014        0.304
     165.000        0.988        0.350
     166.000        1.015        0.328
     167.000        0.979        0.471
     168.000        1.032        0.388
     169.000        0.966        0.394
     170.000        0.991        0.598
     171.000        0.982        0.421
     172.000        1.003        0.359
     173.000        1.038        0.427
     174.000        1.080        0.562
     175.000        1.094        0.496
     176.000        0.985        0.363
     177.000        1.038        0.399
     178.000        1.064        0.339
     179.000        1.014        0.258
     180.000        0.991        0.237
     181.000        0.967        0.246
     182.000        0.975        0.183
     183.000        0.970        0.134
     184.000        0.987        0.302
     185.000        1.035        0.298
     186.000        0.999        0.234
     187.000        1.024        0.270
     188.000        1.056        0.331
     189.000        1.129        0.341
     190.000        1.199        0.638
     191.000        1.163        0.583
     192.000        1.058        0.400
     193.000        1.034        0.311
     194.000        0.991        0.348
     195.000        1.067        0.468
     196.000        1.052        0.382
     197.000        1.000        0.352
     198.000        1.046        0.420
     199.000        1.095        0.397
     200.000        1.070        0.305
     201.000        1.043        0.286
     202.000        1.096        0.283
     203.000        1.154        0.284
     204.000        1.112        0.265
     205.000        1.114        0.300
     206.000        1.138        0.286
     207.000        1.173        0.353
     208.000        1.124        0.354
     209.000        1.073        0.379
     210.000        1.166        0.474
     211.000        1.169        0.472
     212.000        1.134        0.397
     213.000        1.132        0.459
     214.000        1.133        0.454
     215.000        1.151        0.476
     216.000        1.073        0.284
     217.000        1.019        0.282
     218.000        0.989        0.265
     219.000        1.001        0.232
     220.000        0.000        0.194
     221.000        0.000        0.180
     222.000        0.000        0.204
     223.000        0.000        0.201
     224.000        0.000        0.214
     225.000        0.000        0.284
     226.000        0.000        0.246
     227.000        0.000        0.271
     228.000        0.000        0.337
     229.000        0.000        0.274
     230.000        1.000        0.291
     231.000        0.934        0.200
     232.000        0.941        0.253
     233.000        0.962        0.323
     234.000        1.009        0.326
     235.000        0.985        0.345
     236.000        1.057        0.375
     237.000        1.087        0.397
     238.000        0.992        0.296
     239.000        1.018        0.323
     240.000        1.111        0.332
     241.000        1.115        0.326
     242.000        1.097        0.302
     243.000        1.161        0.258
     244.000        1.165        0.403
     245.000        1.112        0.366
     246.000        1.116        0.315
     247.000        1.164        0.284
     248.000        1.220        0.311
     249.000        1.198        0.217
     250.000        1.197        0.283
     251.000        1.071        0.208
     252.000        0.978        0.239
     253.000        0.965        0.273
     254.000        0.921        0.177
     255.000        0.921        0.152
     256.000        0.000        0.211
     257.000        0.000        0.219
     258.000        0.000        0.212
     259.000        0.000        0.175
     260.000        0.000        0.256
     261.000        0.907        0.327
     262.000        0.908        0.181
     263.000        0.938        0.433
     264.000        0.908        0.345
     265.000        0.909        0.370
     266.000        0.959        0.558
     267.000        1.003        0.446
     268.000        0.984        0.348
     269.000        0.970        0.267
     270.000        0.970        0.175
     271.000        0.964        0.273
     272.000        0.992        0.389
     273.000        1.009        0.363
     274.000        1.026        0.362
     275.000        1.085        0.384
     276.000        1.057        0.256
     277.000        1.084        0.259
     278.000        0.993        0.188
     279.000        0.963        0.159
     280.000        0.958        0.137
     281.000        0.923        0.165
     282.000        0.000        0.146
     283.000        0.000        0.216
     284.000        0.000        0.143
     285.000        0.000        0.259
     286.000        0.908        0.274
     287.000        0.867        0.208
     288.000        0.881        0.257
     289.000        0.877        0.292
     290.000        0.906        0.379
     291.000        0.879        0.298
     292.000        0.000        0.200
     293.000        0.000        0.234
     294.000        0.000        0.148
     295.000        0.000        0.125
     296.000        0.000        0.226
     297.000        0.893        0.146
     298.000        0.943        0.221
     299.000        0.924        0.267
     300.000        0.942        0.283
     301.000        1.008        0.317
     302.000        1.080        0.284
     303.000        1.015        0.288
     304.000        1.013        0.297
     305.000        1.048        0.385
     306.000        1.050        0.321
     307.000        1.063        0.317
     308.000        1.093        0.429
     309.000        1.134        0.344
     310.000        1.096        0.369
     311.000        1.027        0.343
     312.000        1.098        0.443
     313.000        1.158        0.487
     314.000        1.159        0.464
     315.000        1.069        0.429
     316.000        1.071        0.424
     317.000        0.991        0.298
     318.000        0.974        0.332
     319.000        0.924        0.199
     320.000        0.000        0.138
     321.000        0.000        0.192
     322.000        0.000        0.241
     323.000        0.000        0.206
     324.000        0.000        0.155
     325.000        0.934        0.351
     326.000        0.875        0.189
     327.000        0.893        0.267
     328.000        0.881        0.276
     329.000        0.882        0.311
     330.000        0.874        0.201
     331.000        0.918        0.281
     332.000        0.916        0.246
     333.000        0.906        0.213
     334.000        0.916        0.326
     335.000        0.916        0.327
     336.000        0.933        0.224
     337.000        0.896        0.334
     338.000        0.932        0.489
     339.000        0.929        0.352
     340.000        0.898        0.397
     341.000        0.893        0.519
     342.000        0.941        0.634
     343.000        0.983        0.432
     344.000        0.997        0.411
     345.000        0.914        0.360
     346.000        0.990        0.375
     347.000        0.951        0.341
     348.000        0.958        0.322
     349.000        0.943        0.359
     350.000        0.969        0.357
     351.000        1.031        0.463
     352.000        0.978        0.321
     353.000        0.965        0.345
     354.000        1.011        0.344
     355.000        1.008        0.308
     356.000        1.010        0.306
     357.000        1.012        0.252
     358.000        1.048        0.361
     359.000        1.023        0.388
     360.000        1.022        0.321
     361.000        1.076        0.338
     362.000        1.148        0.371
     363.000        1.085        0.316
     364.000        1.135        0.393
     365.000        1.167        0.617
     366.000        1.160        0.473
     367.000        1.191        0.605
     368.000        1.105        0.434
     369.000        1.074        0.339
     370.000        1.073        0.487
     371.000        1.038        0.404
     372.000        1.000        0.303
     373.000        0.958        0.244
     374.000        0.965        0.291
     375.000        0.962        0.305
     376.000        0.978        0.380
     377.000        0.920        0.320
     378.000        0.923        0.343
     379.000        0.935        0.290
     380.000        0.947        0.281
     381.000        0.980        0.330
     382.000        1.037        0.355
     383.000        1.062        0.393
     384.000        1.090        0.519
     385.000        1.188        0.583
     386.000        1.195        0.724
     387.000        1.220        0.739
     388.000        1.274        0.782
     389.000        1.237        0.781
     390.000        1.159        0.754
     391.000        1.162        0.707
     392.000        1.171        0.614
     393.000        1.224        0.603
     394.000        1.276        0.671
     395.000        1.297        0.792
     396.000        1.346        0.828
     397.000        1.317        0.722
     398.000        1.290        0.714
     399.000        1.247        0.597
     400.000        1.211        0.623
     401.000        1.199        0.619
     402.000        1.192        0.588
     403.000        1.199        0.462
     404.000        1.189        0.393
     405.000        1.198        0.494
     406.000        1.152        0.348
     407.000        1.085        0.282
     408.000        1.056        0.335
     409.000        1.143        0.408
     410.000        1.126        0.307
     411.000        1.044        0.325
     412.000        0.962        0.232
     413.000        1.006        0.167
     414.000        0.000        0.273
     415.000        0.000        0.311
     416.000        0.000        0.329
     417.000        0.000        0.465
     418.000        1.057        0.841
     419.000        1.033        0.509
     420.000        0.985        0.375
     421.000        1.030        0.338
     422.000        0.000        0.280
     423.000        0.000        0.255
     424.000        0.000        0.284
     425.000        0.906        0.195
     426.000        0.898        0.175
     427.000        0.914        0.284
     428.000        0.967        0.288
     429.000        0.923        0.228
     430.000        0.996        0.338
     431.000        1.038        0.426
     432.000        1.034        0.526
     433.000        0.930        0.388
     434.000        0.913        0.305
     435.000        1.007        0.394
     436.000        1.044        0.387
     437.000        0.960        0.326
     438.000        1.023        0.220
     439.000        1.085        0.261
     440.000        1.059        0.330
     441.000        1.070        0.215
     442.000        1.075        0.238
     443.000        1.105        0.283
     444.000        1.100        0.308
     445.000        1.157        0.306
     446.000        1.227        0.385
     447.000        1.232        0.384
     448.000        1.258        0.321
     449.000        1.237        0.448
     450.000        1.364        0.501
     451.000        1.418        0.590
     452.000        1.488        0.517
     453.000        1.891        0.788

