
    1.0000   246.0905   230.5910  -274.5818     0.2041 377259.8915   283.4199 377745.6012
    2.0000   246.0910   230.5875  -253.3930     0.2042    44.3151   185.9614   453.7661
    3.0000   246.0910   230.5863  -280.2041     0.2041 292321.8526   270.5351 292789.0499
    4.0000   246.0894   230.5852  -271.3588     0.2040   114.3761   210.9803   530.8763
    5.0000   246.0894   230.5790  -295.0811     0.2040    59.4302   226.1360   467.3575
    6.0000   246.0887   230.5756  -244.8550     0.2041   307.2566   174.6148   713.8848
    7.0000   246.0887   230.5719  -255.1617     0.2040   213.0060   183.2280   617.9369
    8.0000   246.0888   230.5683  -278.8891     0.2039    79.9715   214.6937   492.6371
    9.0000   246.0898   230.5631  -272.7446     0.2040  4464.6236   187.5195  4856.2557
   10.0000   246.0885   230.5641  -259.3436     0.2040 562601.4971   256.2087 563075.0285
   11.0000   246.0869   230.5625  -294.5710     0.2038    78.5233   215.2445   476.0500
   12.0000   246.0886   230.5575  -249.9443     0.2039    55.0912   183.9447   465.9416
   13.0000   246.0879   230.5515  -264.8303     0.2038   221.8749   184.8418   618.7296
   14.0000   246.0889   230.5467  -254.8395     0.2039   130.3257   183.1441   535.4697
   15.0000   246.0855   230.5420  -260.3939     0.2038    47.9776   188.0458   452.4608
   16.0000   246.0853   230.5383  -299.2104     0.2038    88.9466   225.8944   492.4581
   17.0000   246.0840   230.5360  -255.1093     0.2037  2099.8146   185.9674  2507.4966
   18.0000   246.0848   230.5336  -279.5280     0.2039   119.3625   217.0474   533.7042
   19.0000   246.0853   230.5322  -253.6045     0.2037    47.5307   188.0395   458.7869
   20.0000   246.0837   230.5320  -295.2013     0.2037    41.9987   224.9607   448.5776
   21.0000   246.0836   230.5272  -255.6810     0.2036  1212.2560   174.0561  1607.4455
   22.0000   246.0837   230.5216  -251.2391     0.2035    43.0198   180.5178   449.1072
   23.0000   246.0830   230.5176  -289.4343     0.2035   115.9653   220.2071   523.5422
   24.0000   246.0832   230.5136  -248.8419     0.2036   104.2153   177.7178   509.8915
   25.0000   246.0848   230.5117  -293.6205     0.2035   548.0746   219.1377   950.3917
   26.0000   246.0854   230.5106  -248.6523     0.2037    43.9362   179.9504   452.0340
   27.0000   246.0863   230.5060  -251.2813     0.2037    50.2466   177.4928   453.2542
   28.0000   246.0867   230.5027  -264.6821     0.2037  1155.9590   215.5343  1583.6043
   29.0000   246.0862   230.4993  -270.0824     0.2037    70.4778   212.3635   489.5482
   30.0000   246.0876   230.4926  -263.9553     0.2036  7546.3251   183.0755  7942.2291
   31.0000   246.0881   230.4892  -273.6032     0.2035  5728.7209   224.3119  6156.2106
   32.0000   246.0876   230.4842  -259.3981     0.2034    39.0350   185.7064   442.1185
   33.0000   246.0882   230.4829  -287.3781     0.2033 115549.9314   247.7663 115987.0870
   34.0000   246.0881   230.4807  -261.0267     0.2035    59.4508   186.7831   461.9794
   35.0000   246.0889   230.4757  -260.8451     0.2035 1731093.9416   183.9013 1731493.8546
   36.0000   246.0891   230.4752  -283.0276     0.2036    41.6934   220.4515   455.8853
   37.0000   246.0895   230.4736  -250.8924     0.2037    46.5567   178.3534   450.7846
   38.0000   246.0890   230.4737  -287.9945     0.2038    43.6543   222.0127   454.4390
   39.0000   246.0888   230.4709  -254.2587     0.2037   108.0891   189.1751   519.7689
   40.0000   246.0881   230.4701  -260.9725     0.2036    43.0397   192.1378   450.9669
   41.0000   246.0876   230.4670  -298.2165     0.2037    69.6855   219.6295   467.8568
   42.0000   246.0888   230.4633  -271.4137     0.2036 262040.8004   187.2855 262433.4248
   43.0000   246.0892   230.4617  -282.0321     0.2036 148462.4638   218.0658 148875.2588
   44.0000   246.0904   230.4577  -280.7426     0.2037 15204.9736   230.9674 15631.9509
   45.0000   246.0912   230.4553  -283.4248     0.2039  2237.7375   230.8529  2661.9158
   46.0000   246.0920   230.4546  -275.7210     0.2038 1055842.5347   209.4669 1056253.0087
   47.0000   246.0940   230.4530  -283.4087     0.2039 17448306900617.2988   214.2704 17448306901020.1992
   48.0000   246.0936   230.4495  -261.6833     0.2038   150.9597   187.5816   553.6049
   49.0000   246.0966   230.4472  -255.3271     0.2038 25669971.0364   187.9229 25670381.3145
   50.0000   246.0971   230.4432  -282.7498     0.2039 665664.4087   207.7384 666066.0497
   51.0000   246.0980   230.4383  -253.0658     0.2039    40.6682   179.7941   444.1366
   52.0000   246.0998   230.4339  -252.7600     0.2039 210353118.1347   178.6266 210353522.2419
   53.0000   246.1015   230.4318  -286.7885     0.2039  8194.2803   239.8925  8624.1211
   54.0000   246.1018   230.4279  -260.5134     0.2039    66.9421   190.8582   474.0206
   55.0000   246.1033   230.4225  -265.8274     0.2039  2086.6599   230.4125  2527.9746
   56.0000   246.1071   230.4172  -303.1345     0.2039    67.3920   225.8410   466.8268
   57.0000   246.1086   230.4122  -256.0007     0.2039    44.9446   181.5503   447.2191
   58.0000   246.1106   230.4069  -288.1770     0.2039    55.5730   217.0503   461.1677
   59.0000   246.1112   230.3973  -256.8980     0.2040   172.6854   192.1807   584.6806
   60.0000   246.1126   230.3929  -259.8978     0.2039 11318846.8204   181.7650 11319244.4582
   61.0000   246.1122   230.3910  -293.6620     0.2038  2625.9602   228.4553  3037.4607
   62.0000   246.1124   230.3899  -297.0783     0.2038 39408.2966   230.1115 39818.0371
   63.0000   246.1151   230.3841  -279.5127     0.2038  5335.8988   214.2621  5747.3517
   64.0000   246.1167   230.3805  -251.1415     0.2037    53.0868   180.6593   459.3056
   65.0000   246.1191   230.3779  -285.8702     0.2036   113.9410   216.2415   521.0128
   66.0000   246.1207   230.3740  -252.3148     0.2036 85004.9817   190.7825 85420.1482
   67.0000   246.1221   230.3720  -264.8943     0.2036    84.3551   189.3345   485.4931
   68.0000   246.1244   230.3677  -276.0579     0.2036 45175.7131   227.4782 45603.8310
   69.0000   246.1245   230.3658  -257.0965     0.2036 488684741.0740   192.5724 488685149.2401
   70.0000   246.1257   230.3638  -264.6241     0.2036 29087691.3493   185.3128 29088089.3205
   71.0000   246.1263   230.3629  -282.8752     0.2035 322188.8675   253.6421 322636.3644
   72.0000   246.1273   230.3599  -286.8155     0.2035   138.8847   216.8940   545.6539
   73.0000   246.1283   230.3553  -285.6756     0.2033 13798489.0827   215.0723 13798895.3460
   74.0000   246.1305   230.3493  -281.1360     0.2034   461.2154   212.5579   869.3204
   75.0000   246.1328   230.3460  -304.3899     0.2035 11030363.9317   226.7847 11030762.9521
   76.0000   246.1344   230.3412  -262.9412     0.2036    82.9806   185.6637   482.3822
   77.0000   246.1373   230.3373  -254.5222     0.2036    68.6436   183.5128   474.3125
   78.0000   246.1387   230.3342  -278.1633     0.2036   199.3693   216.1200   614.0026
   79.0000   246.1413   230.3306  -300.8869     0.2038 22864.9081   243.8728 23284.5698
   80.0000   246.1439   230.3290  -280.5110     0.2039 20236.6788   218.3911 20651.2354
   81.0000   246.1451   230.3241  -261.7022     0.2040   134.0542   191.5243   540.5496
   82.0000   246.1486   230.3219  -265.7718     0.2040   762.5428   181.1343  1154.5798
   83.0000   246.1519   230.3194  -247.2594     0.2039  2127.4983   181.6858  2538.5999
   84.0000   246.1543   230.3168  -260.2119     0.2040    55.5067   186.4384   458.4084
   85.0000   246.1562   230.3104  -286.3638     0.2041    66.8264   227.4554   484.5888
   86.0000   246.1595   230.3088  -268.5370     0.2043 30088.6836   221.4082 30518.2306
   87.0000   246.1631   230.3063  -277.2002     0.2043 467052.2302   205.7735 467457.4920
   88.0000   246.1652   230.3045  -279.5942     0.2043 348041.8680   218.2310 348457.1585
   89.0000   246.1667   230.3042  -277.9499     0.2042 116268.5501   246.0310 116713.3022
   90.0000   246.1688   230.2977  -252.5878     0.2042    42.7336   182.6164   449.4328
   91.0000   246.1706   230.2958  -293.0041     0.2043  4057.4504   218.4721  4459.5889
   92.0000   246.1730   230.2903  -247.0988     0.2045  4893.3465   184.1049  5307.0201
   93.0000   246.1742   230.2833  -265.8784     0.2044    46.7457   181.2590   438.7882
   94.0000   246.1762   230.2783  -250.7799     0.2044    48.8662   175.9233   450.6684
   95.0000   246.1806   230.2760  -286.3667     0.2045    39.5791   208.6221   438.4956
   96.0000   246.1837   230.2727  -262.3303     0.2045   108.7604   183.6823   506.7732
   97.0000   246.1882   230.2662  -282.9428     0.2045   430.1677   240.1742   864.0580
   98.0000   246.1892   230.2636  -261.5249     0.2046 92280.3591   231.3084 92726.7943
   99.0000   246.1938   230.2588  -284.5055     0.2047  2584.9846   221.5213  2998.6574
  100.0000   246.1968   230.2535  -284.2786     0.2046    48.2471   224.4955   465.1189

